20137
428010ef
ff00513
306b7
a68223
ff9ff06f
0
0
0
0
0
0
0
0
0
0
0
0
0
0
0
0
0
0
0
0
0
0
0
0
0
0
0
0
0
0
0
0
0
0
0
0
0
0
0
0
0
0
0
0
0
0
0
0
0
0
0
0
0
0
0
0
0
0
0
0
0
0
0
0
0
0
0
0
0
0
0
0
0
0
0
0
0
0
0
0
0
0
0
0
0
0
0
0
0
0
0
0
0
0
0
0
0
0
0
0
0
0
0
0
0
0
0
0
0
0
0
0
0
0
0
0
0
0
0
0
0
0
0
0
0
0
0
0
0
0
0
0
0
0
0
0
0
0
0
0
0
0
0
0
0
0
0
0
0
0
0
0
0
0
0
0
0
0
0
0
0
0
0
0
0
0
0
0
0
0
0
0
0
0
0
0
0
0
0
0
0
0
0
0
0
0
0
0
0
0
0
0
0
0
0
0
0
0
0
0
0
0
0
0
0
0
0
0
0
0
0
0
0
0
0
0
0
0
0
0
0
0
0
0
0
0
0
0
0
0
0
0
0
0
0
0
0
0
0
0
0
0
0
0
0
0
0
0
0
0
0
0
0
0
0
0
0
0
0
0
0
0
0
0
0
0
0
0
0
0
0
0
0
0
0
0
0
0
0
0
0
0
0
0
0
0
0
0
0
0
0
0
0
0
0
0
0
0
0
0
0
0
0
0
0
0
0
0
0
0
0
0
0
0
0
0
0
0
0
0
0
0
0
0
0
0
0
0
0
0
0
0
0
0
0
0
0
0
0
0
0
0
0
0
0
0
0
0
0
0
0
0
0
0
0
0
0
0
0
0
0
0
0
0
0
0
0
0
0
0
0
0
0
0
0
0
0
0
0
0
0
0
0
0
0
0
0
0
0
0
0
0
0
0
0
0
0
0
0
0
0
0
0
0
0
0
0
0
0
0
0
0
0
0
0
0
0
0
0
0
0
0
0
0
0
0
0
0
0
0
0
0
0
0
0
0
0
0
0
0
0
0
0
0
0
0
0
0
0
0
0
0
0
0
0
0
0
0
0
0
0
0
0
0
0
0
0
0
0
0
0
0
0
0
0
0
0
0
0
0
0
0
0
0
0
0
0
0
0
0
0
0
0
0
0
0
0
0
0
0
0
0
0
0
0
0
0
0
0
0
0
0
0
0
0
0
0
0
0
0
0
0
0
0
0
0
0
0
0
0
0
0
0
0
0
0
0
0
0
0
0
0
0
0
0
0
0
0
0
0
0
0
0
0
0
0
0
0
0
0
0
0
0
0
0
0
0
0
0
0
0
0
0
0
0
0
0
0
0
0
0
0
0
0
0
0
0
0
0
0
0
0
0
0
0
0
0
0
0
0
0
0
0
0
0
0
0
0
0
0
0
0
0
0
0
0
0
0
0
0
0
0
0
0
0
0
0
0
0
0
0
0
0
0
0
0
0
0
0
0
0
0
0
0
0
0
0
0
0
0
0
0
0
0
0
0
0
0
0
0
0
0
0
0
0
0
0
0
0
0
0
0
0
0
0
0
0
0
0
0
0
0
0
0
0
0
0
0
0
0
0
0
0
0
0
0
0
0
0
0
0
0
0
0
0
0
0
0
0
0
0
0
0
0
0
0
0
0
0
0
0
0
0
0
0
0
0
0
0
0
0
0
0
0
0
0
0
0
0
0
0
0
0
0
0
0
0
0
0
0
0
0
0
0
0
0
0
0
0
0
0
0
0
0
0
0
0
0
0
0
0
0
0
0
0
0
0
0
0
0
0
0
0
0
0
0
0
0
0
0
0
0
0
0
0
0
0
0
0
0
0
0
0
0
0
0
0
0
0
0
0
0
0
0
0
0
0
0
0
0
0
0
0
0
0
0
0
0
0
0
0
0
0
0
0
0
0
0
0
0
0
0
0
0
0
0
0
0
0
0
0
0
0
0
0
0
0
0
0
0
0
0
0
0
0
0
0
0
0
0
0
0
0
0
0
0
0
0
0
0
0
0
0
0
0
0
0
0
0
0
0
0
0
0
0
0
0
0
0
0
0
0
0
0
0
0
0
0
0
0
0
0
0
0
0
0
0
0
0
0
0
0
0
0
0
0
0
0
0
0
0
0
0
0
0
0
0
0
0
0
0
0
0
0
0
0
0
0
0
0
0
0
0
0
0
0
0
0
0
0
0
0
0
0
0
0
0
0
0
0
0
0
0
0
0
0
0
0
0
0
0
0
0
0
0
0
0
0
0
0
0
0
0
0
0
0
0
0
0
0
0
0
0
0
0
0
0
0
0
0
0
0
0
0
0
0
0
0
2737
88472783
f54533
ad50513
88a72223
8067
54783
2078263
2737
88472683
d7c7b3
20978793
88f72223
150513
54783
fe0794e3
8067
ff010113
112623
812423
912223
1212023
17b7
6d47a483
17b7
6e87a903
90593
48513
630000ef
17b7
6dc7a583
57c000ef
50413
90593
48513
590000ef
17b7
6ec7a583
560000ef
40a40533
2054263
17b7
6ca7aa23
c12083
812403
412483
12903
1010113
8067
17b7
6d87a783
f50533
fd5ff06f
17b7
6ca7aa23
8067
17b7
6f478793
251513
a78533
52703
259593
b787b3
7a683
d52023
e7a023
8067
ff010113
112623
812423
912223
1212023
50913
17b7
6f07a503
8a94063
150413
40593
4c0000ef
1f55793
a78533
40155513
6a90663
2894e63
140493
40593
48513
49c000ef
1f55793
a787b3
4017d793
1278663
48413
fd9ff06f
17b7
6e87a823
100513
100006f
17b7
6e87a823
513
c12083
812403
412483
12903
1010113
8067
513
fe5ff06f
100513
fddff06f
17b7
6e07a783
4f05c63
ff010113
112623
812423
912223
1212023
1437
6f440413
493
1937
42503
e11ff0ef
148493
440413
6e092783
fef4c6e3
c12083
812403
412483
12903
1010113
8067
8067
17b7
6e07a883
17b7
6f07a783
513
cf89663
e7010113
3105663
17b7
6f478793
10713
289613
f60633
7a683
d72023
478793
470713
fec798e3
410813
88e13
289593
2585b3
80613
513
fff88313
280006f
478793
b78e63
ffc62703
7a683
fee6d8e3
fed62e23
e7a023
fe5ff06f
460613
655a63
150513
ff155ae3
60793
fd5ff06f
3105863
12503
100793
2f51663
1c78c63
82703
178793
480813
fef708e3
513
19010113
8067
100513
ff5ff06f
513
fedff06f
8067
17b7
6e07a703
ce05463
ff010113
112623
812423
912223
1212023
1437
6f440413
493
78913
1c0006f
48513
da5ff0ef
148493
6e092703
440413
2e4dc63
42783
fe0796e3
148593
fee5d2e3
442783
fc079ae3
840793
158593
fce588e3
478793
ffc7a683
fe0688e3
fb9ff06f
2e05c63
17b7
6f47a783
2078263
16b7
6f868693
793
178793
f70c63
468693
ffc6a603
fe0618e3
1737
6ef72023
c12083
812403
412483
12903
1010113
8067
8067
17b7
6e07a603
2c05463
17b7
6f478793
261693
f686b3
7a703
fff70713
e7a023
478793
fed798e3
17b7
261713
6f478793
e787b3
c7a023
160613
17b7
6ec7a023
8067
fe010113
112e23
812c23
912a23
1212823
1312623
1412423
1512223
17b7
d200713
6ee7a223
17b7
6e07a823
17b7
6d87a403
17b7
6dc7a483
48593
40513
1a4000ef
17b7
6ea7a423
48593
40513
214000ef
17b7
6ea7a623
d200513
c71ff0ef
100793
2051663
78513
1c12083
1812403
1412483
1012903
c12983
812a03
412a83
2010113
8067
1737
37c7b7
4f278793
6cf72a23
b65ff0ef
a00593
1b8000ef
150513
1437
6ea42023
b09ff0ef
6e042783
fff78793
8f05063
19b7
6f498993
413
a13
14b7
1ab7
1c0006f
1a0a13
6e0aa783
fff78793
498993
50413
4fa5863
b09ff0ef
a00593
15c000ef
150513
98913
a9a023
850533
6e44a783
fca7d4e3
ae5ff0ef
a00593
138000ef
150513
a92023
850533
6e44a783
fea7c2e3
fa5ff06f
513
1737
279793
6f470713
f707b3
1737
6e472703
40a70533
a7a023
c15ff0ef
d59ff0ef
413
1c0006f
140413
40513
a41ff0ef
e15ff0ef
d3dff0ef
bf1ff0ef
c51ff0ef
fe0502e3
40513
a25ff0ef
fd00593
27b7
8847a503
b4000ef
50793
eb5ff06f
50613
513
15f693
68463
c50533
15d593
161613
fe0596e3
8067
6054063
605c663
58613
50593
fff00513
2060c63
100693
b67a63
c05863
161613
169693
feb66ae3
513
c5e663
40c585b3
d56533
16d693
165613
fe0696e3
8067
8293
fb5ff0ef
58513
28067
40a00533
5d863
40b005b3
f9dff06f
40b005b3
8293
f91ff0ef
40a00533
28067
8293
5ca63
54c63
f79ff0ef
58513
28067
40b005b3
fe0558e3
40a00533
f61ff0ef
40b00533
28067
fd
1
7fffffff
bc8f
