20137
40010ef
ff00513
306b7
a68223
ff9ff06f
0
0
0
0
0
0
0
0
0
0
0
0
0
0
0
0
0
0
0
0
0
0
0
0
0
0
0
0
0
0
0
0
0
0
0
0
0
0
0
0
0
0
0
0
0
0
0
0
0
0
0
0
0
0
0
0
0
0
0
0
0
0
0
0
0
0
0
0
0
0
0
0
0
0
0
0
0
0
0
0
0
0
0
0
0
0
0
0
0
0
0
0
0
0
0
0
0
0
0
0
0
0
0
0
0
0
0
0
0
0
0
0
0
0
0
0
0
0
0
0
0
0
0
0
0
0
0
0
0
0
0
0
0
0
0
0
0
0
0
0
0
0
0
0
0
0
0
0
0
0
0
0
0
0
0
0
0
0
0
0
0
0
0
0
0
0
0
0
0
0
0
0
0
0
0
0
0
0
0
0
0
0
0
0
0
0
0
0
0
0
0
0
0
0
0
0
0
0
0
0
0
0
0
0
0
0
0
0
0
0
0
0
0
0
0
0
0
0
0
0
0
0
0
0
0
0
0
0
0
0
0
0
0
0
0
0
0
0
0
0
0
0
0
0
0
0
0
0
0
0
0
0
0
0
0
0
0
0
0
0
0
0
0
0
0
0
0
0
0
0
0
0
0
0
0
0
0
0
0
0
0
0
0
0
0
0
0
0
0
0
0
0
0
0
0
0
0
0
0
0
0
0
0
0
0
0
0
0
0
0
0
0
0
0
0
0
0
0
0
0
0
0
0
0
0
0
0
0
0
0
0
0
0
0
0
0
0
0
0
0
0
0
0
0
0
0
0
0
0
0
0
0
0
0
0
0
0
0
0
0
0
0
0
0
0
0
0
0
0
0
0
0
0
0
0
0
0
0
0
0
0
0
0
0
0
0
0
0
0
0
0
0
0
0
0
0
0
0
0
0
0
0
0
0
0
0
0
0
0
0
0
0
0
0
0
0
0
0
0
0
0
0
0
0
0
0
0
0
0
0
0
0
0
0
0
0
0
0
0
0
0
0
0
0
0
0
0
0
0
0
0
0
0
0
0
0
0
0
0
0
0
0
0
0
0
0
0
0
0
0
0
0
0
0
0
0
0
0
0
0
0
0
0
0
0
0
0
0
0
0
0
0
0
0
0
0
0
0
0
0
0
0
0
0
0
0
0
0
0
0
0
0
0
0
0
0
0
0
0
0
0
0
0
0
0
0
0
0
0
0
0
0
0
0
0
0
0
0
0
0
0
0
0
0
0
0
0
0
0
0
0
0
0
0
0
0
0
0
0
0
0
0
0
0
0
0
0
0
0
0
0
0
0
0
0
0
0
0
0
0
0
0
0
0
0
0
0
0
0
0
0
0
0
0
0
0
0
0
0
0
0
0
0
0
0
0
0
0
0
0
0
0
0
0
0
0
0
0
0
0
0
0
0
0
0
0
0
0
0
0
0
0
0
0
0
0
0
0
0
0
0
0
0
0
0
0
0
0
0
0
0
0
0
0
0
0
0
0
0
0
0
0
0
0
0
0
0
0
0
0
0
0
0
0
0
0
0
0
0
0
0
0
0
0
0
0
0
0
0
0
0
0
0
0
0
0
0
0
0
0
0
0
0
0
0
0
0
0
0
0
0
0
0
0
0
0
0
0
0
0
0
0
0
0
0
0
0
0
0
0
0
0
0
0
0
0
0
0
0
0
0
0
0
0
0
0
0
0
0
0
0
0
0
0
0
0
0
0
0
0
0
0
0
0
0
0
0
0
0
0
0
0
0
0
0
0
0
0
0
0
0
0
0
0
0
0
0
0
0
0
0
0
0
0
0
0
0
0
0
0
0
0
0
0
0
0
0
0
0
0
0
0
0
0
0
0
0
0
0
0
0
0
0
0
0
0
0
0
0
0
0
0
0
0
0
0
0
0
0
0
0
0
0
0
0
0
0
0
0
0
0
0
0
0
0
0
0
0
0
0
0
0
0
0
0
0
0
0
0
0
0
0
0
0
0
0
0
0
0
0
0
0
0
0
0
0
0
0
0
0
0
0
0
0
0
0
0
0
0
0
0
0
0
0
0
0
0
0
0
0
0
0
0
0
0
0
0
0
0
0
0
0
0
0
0
0
0
0
0
0
0
0
0
0
0
0
0
0
0
0
0
0
0
0
0
0
0
0
0
0
0
0
0
0
0
0
0
0
0
0
0
0
0
0
0
0
0
0
0
0
0
0
0
0
0
0
0
0
0
0
0
0
0
0
0
0
0
0
0
0
0
0
0
0
0
0
0
0
0
0
0
0
0
0
0
0
0
0
0
0
0
0
0
0
0
0
0
0
1737
2a472783
f54533
ad50513
2aa72223
8067
54783
2078263
1737
2a472683
d7c7b3
20978793
2af72223
150513
54783
fe0794e3
8067
ff010113
112623
17b7
600713
28e7ae23
17b7
2987a883
17b7
2947a303
17b7
2907ae03
17b7
28c7ae83
17b7
2a07af03
f93
100793
700693
100293
1040006f
170713
ad70a63
fec78ce3
fea78ae3
ff0788e3
feb786e3
fee784e3
fef882e3
fef300e3
fcfe0ee3
fcfe8ce3
fca60ae3
fd0608e3
fcb606e3
fce604e3
fcc882e3
fcc300e3
face0ee3
face8ce3
fb050ae3
fab508e3
fae506e3
faa884e3
faa302e3
faae00e3
f8ae8ee3
f8b80ce3
f8e80ae3
f90888e3
f90306e3
f90e04e3
f90e82e3
f8e580e3
f6b88ee3
f6b30ce3
f6be0ae3
f6be88e3
f6e886e3
f6e304e3
f6ee02e3
f6ee80e3
f5c30ee3
f5d88ce3
1f0f13
28f93
f4dff06f
158593
d58663
100713
f45ff06f
180813
d80663
100593
fedff06f
150513
d50663
100813
fedff06f
160613
d60663
100513
fedff06f
178793
d78663
100613
fedff06f
20f9663
17b7
2a07a503
e59ff0ef
fd00593
17b7
2a47a503
a0000ef
c12083
1010113
8067
17b7
2be7a023
fd1ff06f
6054063
605c663
58613
50593
fff00513
2060c63
100693
b67a63
c05863
161613
169693
feb66ae3
513
c5e663
40c585b3
d56533
16d693
165613
fe0696e3
8067
8293
fb5ff0ef
58513
28067
40a00533
5d863
40b005b3
f9dff06f
40b005b3
8293
f91ff0ef
40a00533
28067
8293
5ca63
54c63
f79ff0ef
58513
28067
40b005b3
fe0558e3
40a00533
f61ff0ef
40b00533
28067
fd
66
65
64
63
